20170616
20170103
20171222
20170524
20170502
20170701
20171225
20170607
20170121
20170517
20170217
20170127
20170131
20170404
20170423
20171112
20171212
20170607
20170813
20170910
20170222
20170926
20170420
20171213
20170225
20171109
20171008
20170307
20170111
20170503
19310423
20170227
20171026
20170421
20170519
20171210
20170815
20170713
19371120
20170709
20171008
20171004
20170226
20170323
20170909
20171231
20170102
20170123
20171017
20170627
20171017
20170220
20170226
20171209
20170917
20170308
20170620
20170825
20170509
20170430
20170414
20171115
20170413
20170306
20171121
20170819
20170905
20171206
20170503
20171128
20170608
20170710
20170927
20170621
20170321
20170111
20171004
20171114
20170227
20170505
20170625
20171117
20170123
20170422
20171011
20170815
20170605
20170809
20170820
20171009
20171225
20171010
20170709
20171207
20170611
20171017
20170511
20171025
20170903
20171012