19440616
19670505
19540106
19760606
19371112
19450507
19540903
19410508
19860215
19820305
19460604
19470607
19620215
19190605
19770123
19630202
19530501
19750103
19710322
19440728
19760621
19560113
19450412
19471110
19490810
19440417
19460326
19680120
19310710
19410629
19660510
19470726
19850612
19590521
19620625
19550112
19280920
19540716
19740409
19491010
19490214
19520209
19390721
19311209
19790228
19531030
19660324
19690205
19690315
19690819
19880804
19420312
19511117
19520612
19670522
19540207
19601214
19690816
19510415
19890312
19600716
19700129
19760601
19891005
19770328
19771130
19650722
19790716
19710610
19841123
19710822
19900330
19920126
19880315
19751215
19591214
19700825
19920430
19560602
19790613
19551023
19510419
19570813
19610402
19591213
19680831
19790412
19770305
19791011
19831214
19510314
19820330
19620305
19710305
19810514
19660923
19841212
19350806
19881022
19700406