20200410
20201023
20180607
20200817
20191121
20211013
20210519
20200903
20190110
20190130
20190818
20181223
20190413
20200921
20180916
20190524
20200301
20180722
20181228
20210804
20200718
20200901
20190212
20180208
20190226
20200331
20181008
20190407
20181110
20210618
20181229
20200724
20211115
20200824
20190811
20201113
20180717
20190731
20211223
20201023
20190402
20210319
20180425
20180221
20190625
20190107
20211218
20180210
20200211
20200211
20200211
20200211
20210110
20210318
20180505
20180505
20180505
20180505
20180505
20180505
20180824
20180820
20180824
20180820
20210310
20180404
20180815
20180319
20181110
20180418
20190119
20190829
20210927
20200807
20180306
20180331
20181110
20190525
20190713
20200829
20180822
20210324
20210908
20211003
20180429
20190830
20180821
20210122
20200511
20200112
20210820
20180309
20180309
20180309
20210401
20210104
20191018
20190627
20180123
20201027