7441286
7071048
5703556
2674798
8704550
9004942
6032303
2558691
2405168
5809371
2705520
3940294
6285308
2068405
5615485
0220008
9700917
7397351
6435829
1927705
8945993
9542097
8178190
2405482
2533027
7027568
1209566
8298229
5477231
7169728
7190396
6229099
1797882
1966927
0202051
8455126
3166695
0853706
4011824
5941382
0073059
0066208
8705098
9160765
5122006
6356632
3129342
4525888
1324290
8728839
3767056
2948491
3892999
7094891
9263971
3013263
4189176
4686808
5000247
0242852
6890590
4386633
9339459
2699890
5537519
7331318
6609744
9804268
5525013
9824561
4275694
2510942
6705575
8852825
9727241
2654843
3855064
9369969
7508360
3367787
9182016
6987326
9941749
8261465
3585087
3603663
6926827
9863309
5147037
4544257
0487270
2375510
7147789
3517942
6347820
5498513
6827885
4076551
2846574
2846572