33257504
77297319
74507972
15681152
22526998
94699957
12956629
13029307
10598602
66009221
26030041
89636738
96926429
54477690
40877984
58116471
47252721
20126127
74093282
23492521
52528524
20557782
08679546
61631972
21964283
75272173
69444709
18108503
14507570
87280662
85671100
22024289
38279380
90239993
42477987
41286853
07112938
01432831
95051081
13571194
95335572
01800407
65180336
41150146
28045677
77037640
13283321
83373765
13422035
73290395
74329374
02071161
59820616
37394891
21890473
02219081
33081341
80120850
15513794
87776011
57820471
50165225
87643560
59163155
60072888
26150639
22067921
36431303
80057285
89903461
23927427
85475865
46286476
35678653
04932375
42935294
02992485
12280817
24573222
38275074
68158941
62412212
35719278
49585751
65755843
22055407
88788622
64547996
61899815
50886507
38425807
77014111
85118258
58159382
88542940
46446392
86091654
72049248
29274279
58352825
